CHR_SNP	SNPpos
20	30533949
22	42523409
22	45809624
17	49243859
1	16061035
19	57063916
2	233410922
1	201847842
12	124494528
16	56506126
7	37934673
12	6977275
11	36376021
21	46348764
2	15753937
12	49133725
1	158896513
4	2411043
2	89059044.5
1	182326048
5	43550983
19	10229098
3	12838082
11	62452319
19	47257804
1	206728836
9	101491066
1	45973435
20	43589041
1	1603236
19	10521622
16	445102
2	10412471
20	33865588
12	54956744
1	19837304
7	128103224
17	46040795
2	30696207
2	97660528
11	9487854
3	38013763
20	42840019
14	40062365
3	29325250
18	9712098
16	2645965
15	38969545
13	50677456
1	205636907
1	234819044
11	68642974
10	73484175
6	133062958
17	62927734
15	82558034
2	85836891
8	104412388
6	159350757
7	23637902
12	11240633
5	157046398
3	111602828
1	42989776
14	24420323
19	51303727
11	65091609
20	62607620
17	80887537.5
4	90758945
17	47306606
6	41054261
3	45956362
1	169795446
4	7064003
18	51832407
17	19229147.5
19	54676763
6	170084933
19	44367911
15	73411119
1	114443899
1	16358685
19	49233437.5
17	8080853
1	85440793
22	43041837
19	18513594
18	61637974
5	150594361
6	138702261
10	81566590
5	131601720
22	20301346
11	70967266
14	103230758
15	76620088
19	23834095
3	156546675
18	32656935
12	9143899
6	131317876
2	173145535
19	35754011
1	108698133
1	211310251
6	26372460
20	25278963
2	201732878
20	633909
4	1685211
6	158577049
4	122834830
13	21333746
1	43414656
12	132676878
17	65815463
17	41281680
2	128595558
22	31507338
10	81860372
21	47900279
19	54710673
15	44013509
14	23239880
9	111694379
7	100896069
18	43266749
18	12316493
9	139934907
19	55479586
9	27545960
11	74660143
4	48130546
15	90701753
18	21075192
17	10605468
16	87749959
3	133221141
19	58919320
1	155038756
19	53649381
11	48264711
12	112601808
10	90641047
4	103712337
17	40785623
5	167258672
17	13923440
1	40252569
2	27341063
14	58757493
2	55854285
5	1499051
7	116212474
19	8508391
1	43857100
3	58215156
4	1034997
6	116777841
5	76769407
2	65132708
7	75581341
6	139308149
5	102385091
19	58935420
9	113015602
1	86548891
5	64410258
22	32782128
6	31383304
20	10015729
3	183556029
1	46365532
22	47810664
4	120294331
17	20019807.5
7	158645339
8	104420292
1	24516880
7	56071347
3	120066393
9	130975425
20	4080250
19	49252550
5	177302314
19	58248059
8	72861260
2	178502705
2	228032385
15	89160659
10	15436791
6	34290278
5	69478765
19	40843264
7	23669343
19	46013481
21	34632241
19	5887694
16	66752895
1	85528006
10	127528267
11	2643084
17	71189069
12	75791950
7	22861551.5
10	16555862
8	30810955
5	96370879
19	45639716
3	119393239
16	21184277
20	33364852
7	22415469
6	36553900
16	74445537
4	15904916
6	2937768.5
3	196674879
9	41983530
3	152228929
1	156550772
18	43457656
14	77596398
9	135488852
20	62401114
10	105790090
9	751144
6	2936282
1	28241083
9	131580744
7	154708979
7	151033628
12	11351211
10	49763247
15	66530732
22	18483388
3	119857330
10	16855929
19	46185217
10	27541024
11	325418
7	156442035
6	2898596
19	44008368
3	48721040
17	80002371
7	97686264
2	204926629.5
20	31439466
20	265365
17	42283171
11	107197606
8	82644442
12	58188696
19	4794947
4	25878496
19	52803670
6	28168969
5	73786880
15	43632755
19	44036417
20	42838550
5	40770087
16	90076846
19	35836163
6	31319940
6	31193164
12	117542107
10	70252170
14	23057667
3	44749385
1	111740345
20	57564695
14	23422453
11	126081336
19	40707290
9	108456372
15	83897875
5	79897145
17	58213963
19	51348437
6	5186040
8	134387355
14	51612417
9	117969073
7	111078912
6	125596957
13	29325508
16	57118415
2	120058402
22	44566564.5
2	132237150
17	57360398.5
6	149112117
17	260182
1	39325063
10	24690766
10	119050738
9	174812
2	240967312
17	828226
10	76358087.5
10	27334674
1	40289812
22	24097015
10	61469765
7	121025295
13	24463867
11	69029827
11	5691101
17	7167776
15	43632755
14	59800800
19	44258702
20	61641630
15	40600198
13	52470485
6	32890915
1	212879963
2	64746577.5
19	535004
12	53381811
6	32501241
14	69452088
14	103683258
12	108713584
19	47358997
10	135235321
7	97830588
21	47726332
1	1596500
5	109910067
10	134144739
4	77242825
4	6678234
16	2244776
19	53672697
9	136600773
6	26441054
11	118828942
11	66438074
5	108670421
6	31238027
5	110585532.5
11	75154806
7	65304291.5
19	45993568
1	153912623
19	6179299
10	44015972
9	136232758
6	43013662
4	84145021
4	83764403
15	51890282
13	31814600
4	187112629
21	45023876
9	130210111
1	220868508
2	61377666
9	116046126
12	54060451
1	82787818
5	34008216
10	102003192
6	3205565
1	46808858
9	97419118
3	32021505.5
17	47646369
16	71835610
19	59048754
5	138730037
2	75185856
6	30928342
2	202016284
12	14955702
11	111979564
12	44041527
1	151178491
19	56214120
5	115429757
16	90140314
11	65390803
6	52531972
17	4279113
18	72973762
1	63930811
14	95138132.5
6	26403703
3	195418009
8	144371727
20	62624125
10	74411390
11	64085063
1	169766298
8	5636994
21	34043708
19	58863449
22	21240414
17	43022994
12	95429379
11	77850824
1	201374653
19	58720201
10	97580944
5	70568209
3	39389921
17	33864830
4	122820075
1	10027540
21	47709540
5	68769560
17	33759685
12	10532642
9	115995901
7	100769538
1	241790148
22	44577160
19	37299164
20	5961458
10	70751673
11	57564797
2	231597863
16	66639491
17	66253095
3	122441843
6	37487161
17	63560293.5
5	178452307
12	122083564
1	6549519
1	245133662
2	10410762
17	44313269
17	42252163
1	226271290
1	32187718
17	3628362
6	30783977
6	32538556
3	53892553
1	161565776
19	38115841
2	149140982
11	94226952
10	81441258
7	44950619
9	15597849
6	166702686
19	20980856
19	16754780
11	110253598
3	196439124
10	16488531
8	145012206
6	24721667
18	700916
10	75449789
10	73077770
12	56918834
8	99010531
18	2632629
19	50847034.5
3	107860193
10	90751516
6	32805306
4	3020584
19	33166721
2	87768679
4	152656740
2	44143756
19	11027626
19	55474210
3	40493218
9	4740545
9	88697092
6	32450580
3	101202152
19	41269076
19	17445208
6	133138959
5	80099055
5	10680997
1	165599460
1	236384668
2	207186625
19	41932828
19	58516230
17	40707579.5
17	42977636
6	116439220
4	967445
16	84497924
18	2916538
20	3281507.5
16	22432054
22	18494452
19	39223402
17	18595652
22	46454208
10	51579517
4	113196906
9	100954429
4	144881232
12	11338957
3	170578721
19	1275088
19	53361394
5	148713163
3	156278785
12	9866399
10	81436122
9	125011789
2	118855927
20	61558274
5	141437957
2	55459373
17	36904652
4	107192701
18	8606189
15	40801271
17	53516067
19	55577810
7	27555597
7	30216105
6	86387888
20	37043497
5	96123210
1	236694662
8	42011339
13	28195495
12	131576946
2	61479417
19	17287814
1	110742227
18	519222
8	2585648
6	88506811
1	63845218
7	99686873
7	7289938
6	90134284.5
14	75225410
12	131201243
16	2037783
9	71771209
6	36975189
6	31144695
8	79623617
10	12126317
14	61377748
9	139934907
8	90785705
17	45138927
8	79559622
1	16777812
1	36712033
2	183980236
7	100476110
10	131887319
8	72083227
7	102358917
11	85925884
7	130280748
6	15591347
7	141398707
22	43584631
9	45450394
9	132290847
2	241566012
15	65566995
9	77707300
6	155635624
4	47770224
2	37636093
4	107146624.5
12	56832857
5	68457386
14	102179452
19	12142730
10	4864809
7	6617247
17	43688905
5	74076210
15	80206958
9	74777816
8	124448022
8	62043233
4	119768803
2	242049094
5	60070055
15	52766911
14	95998363
2	9239635
11	82791213
9	2532598
1	3797309
1	1336006
11	94336130
8	99305539
8	90915308
14	76637927
12	105477410
21	45201832
17	42695689
1	7975595
6	91010851.5
19	47777661
6	52213658
6	130598459
9	15521886
1	160748041
3	127474030
14	24610733
17	30307759.5
12	121557089
3	122028702
16	82203786
3	123297740
7	102358917
20	3806924
1	231115887
19	41242596
9	68991740
6	33094869
19	4349398
9	116159860
9	139010715
10	70236306
5	179720555
17	80607989
12	124183053
19	47048565
4	53578599
19	36712283
15	34806691.5
9	114962360
1	19111725
19	12876964
1	222731525
5	131757012
2	102749520
6	24422376.5
19	574573
11	58967697
11	122748798.5
10	53468025
11	44087989
10	104487382
16	88602266
14	100630339
2	10190121.5
21	30432145
2	120450659
7	137577386
7	152144488
19	37237338
15	40032489
17	77078069
14	64192084
7	150017214
9	97116886
12	109565294
13	22123304
11	65654665
19	7702575
17	79210707
11	34901364
5	131591725
1	205201325
3	52566914
19	50935262
6	167358566
19	7549118
5	96252589
3	185266399
11	124824066
9	131465481
5	79282798
22	20490507
7	100664615
14	50086563
13	115013425
2	131667339
14	68387979
5	102896752
2	171029437
6	56833632
3	14769741
17	34426514
4	8365580
22	45642907
11	306920
4	68502901
10	112603026
19	18685964
6	71301264
19	55574403
17	2296014
14	23273114
2	162107295
11	47443594
6	127798130
19	36374523
1	11837682
7	77420171.5
22	50609904
19	53400760
12	120906910
1	25591901.5
11	668970
6	25402531
19	54626055
9	130477768
8	101970119
10	29104212
6	21234034
11	74485926
7	142535363
2	44983603
7	89850170
17	19265596
9	131786700
6	37663624
3	132284931
1	186651876
5	141310649
20	33754604
19	47812689
10	50970429
1	167690783
6	31299899
16	2059347
6	31152127
22	45726345
17	4650487
16	68323654
2	69631929
17	79630163
16	5156451
20	25179373
17	42977073
20	5485337
11	34901878
6	160114311
19	10218434
12	69752436
14	96162418
22	37554839
17	71166701
9	120441837
19	3688524
4	141340393
10	111847081
7	134784946
15	82558034
19	49353881
7	150041836
6	2930009
11	113203023
19	47126614
2	29094722
7	1215488
2	38268718
2	12125322
3	185048582
8	110534775
6	36114703
19	17422402
12	96965215
19	3426579
16	420678
13	37010405
20	1098954
16	30468890
17	73585072
9	136281917
7	133920443
11	75228531
12	4937575
3	25655794.5
17	74478973
12	55335383
17	34866915
11	2942593
19	49193585
3	196179170
19	2721991
17	42671492
12	107350988
1	752796
1	20211670
21	43897026
21	46416970
17	18772059
10	11784088
9	47169619
6	28408258
15	41467258.5
11	94829514
10	1016601
22	50978520
17	19229147.5
8	145665761
11	78023356
3	4403537
10	47703869
6	82962001
14	65354946
17	3630621
16	57521274
1	156153535
17	44571182
14	75648980
2	39721919
2	86437898
2	62060646
11	64016284
11	17259409
22	50584577
19	19976988
5	167656234
19	59064939
19	44538837
2	231156484
5	74140395
6	79943990
13	108852676.5
9	92333433
17	3509158
11	47322007.5
8	144279670
18	33783528
10	45482701
6	42920416
11	108387409
6	58276833
15	52477947.5
14	20957922.5
1	735985
6	132726355
22	50753334
7	102373175.5
17	40060568
8	21967858
4	26872460
6	109757893
2	272051
4	108960408
9	37422520
21	47256810
16	75519390
13	115064681
7	65973101
8	11351019
17	5351791
17	7175844
11	130974221
4	17574023
2	55283878
12	54575800
11	93259778
11	64078943
4	153018681
17	74583285
6	54172465
16	15080342
19	50432446.5
1	74678625.5
12	3190548
17	74237325
19	33343955
10	86192917
15	65615556
19	44746657
4	103862792
10	13330402
4	123629225
2	231808869
11	5728665
3	113039360
19	36854078
1	144474542
9	99282269
6	32636434
19	11062218
20	57642890
19	33828074
8	23082971
5	149841126
1	113054659
9	140444078
2	61248645
1	200650239
6	31681160
10	116779857.5
1	205727468
19	52351623
2	118509706
6	31481092
20	60976768
17	35842517
2	70532499
8	145642886
1	203244859
1	38246704
3	48366971
17	7472733
1	3572732
19	9718732
11	6492716
1	86728060
4	119340504
6	37004437
2	89248116
6	89868287
15	65741512
5	81600339
12	11138683
20	62152519
6	26538543
7	102111980
2	68463321
3	138596592
2	25393722
22	38515986
22	41776646
16	2993814
15	78423596
1	55281132
2	64753676
2	89453127
12	2971581
9	93561836
19	3171565
2	54861172
7	30511794
3	9427498
18	9710554
10	33163010
7	16446616
20	61882684
17	73054919
6	31104952
3	195637634
6	107386233
15	41057507
15	90785813
12	27818405
16	58768129
16	1853959
1	154392674
17	80731098
7	156433243
9	139948932
13	20755381
7	618938
5	118832905
21	33702795
1	213049214
1	234610539
8	144646352
15	52483350
10	120926465
19	21272679
5	134223593
1	23751140
17	54943982
16	81869054
22	50624082
22	22907747
17	21155951
15	44118890
9	99259575
3	128651241
19	46362261
22	39361339.5
14	74074804
5	148205741
17	17064254
2	24307775
14	31324562
17	55159052
10	7514022
9	33467577
19	7035042
2	223483670
11	20907801
4	39452124
20	49367235.5
17	77800533.5
10	93023075
5	40490790
2	192109966
2	26409950
6	29692435
10	73202914
2	149654562
1	165667781
17	12000632
4	130025913
14	78019783
3	57944432
19	37218449
6	34725658
19	41255500
16	2033799
8	8610783
4	86482863
7	30837547
5	43824677
6	39653709
2	169725801
3	39190942
13	20085999
8	130391966
6	88310521
15	81586244
11	94336130
17	36847713
2	32903548
10	71989825
22	45553210
12	117692072
3	122175963
17	38049233
1	25828325.5
5	110406742
1	119469537
5	14877474
16	88887783
16	3115272
11	65223912
19	13907805
2	109366631
17	80377690
19	52882362
17	61979434
19	1379707
16	56905250
7	99488543
2	85603064
19	41858921
2	26464408
9	130959134
17	18407384
10	33038414
6	155555137
15	59933136
4	176941309
20	34296508.5
19	4013322
14	24854692
2	85767735
11	72895842
2	203520272
20	32516028
2	65155115.5
16	81004753
9	132380301
17	30778945
9	140356374
3	107643812
19	36977979
10	131945252
20	61482099
6	6383518
17	46699563
3	100240845
18	12437424
17	36904652
22	25852155
14	24984318
17	38352743
5	176919889
16	99353
16	53908484
1	183160326
20	3193978
1	233091463
10	126159444
1	110223001.5
22	43405869.5
2	191334424
1	153712425
17	79591300
2	61391305
18	72177465
3	159720271
20	1342533
5	122737208
8	49469523
4	954311
6	34670395
17	29068457
22	42074230
14	77821608
7	50485073
19	4458063
1	160681836
18	67537270
3	39463847
1	246667288.5
16	75182354
7	66276217
6	42030645
19	45594170
10	124134042
6	110743194
2	238991796
10	50386498
7	123270500
1	39532230
19	50400094
10	20236731
9	140529037
11	18728650
17	5213391
16	23704005
16	74520826
6	158750330
1	206941529
7	44135211
2	170585757
6	10902439
6	26959537
17	42207884
1	32204683
9	116138013
3	195417693
19	20589365
10	97640542
3	97552254
14	20957922.5
8	55057888
21	44358783
15	57592163
6	119178035
12	6294735
1	155034632
12	39928721
8	144657801
19	12520305
4	154605474.5
1	97227897
19	41902562.5
21	45821361
17	2207425
19	19672200
17	73566785
17	56427656
12	12879057
8	101285075
19	58305701
16	15976931
10	122235422.5
9	98777820
7	72679531
7	150826912
19	38755406
7	135293128
19	21749035
3	48233335
5	137573519
12	7253531
2	170551132
17	44189858
3	49518551
6	42944850
11	8965698
6	116368813
9	107529411
19	5790711
18	33758436
14	23273114
6	136909664
7	20278642
1	111742841
7	24758753
2	121047575.5
22	27865878
2	95822447
12	120957984
15	62146125
13	96706931
5	143200053
19	11166791
2	42726569
5	39301434
5	130485929
6	31555657
3	19612949
17	61865800
17	73993546
4	100509321
11	124680922
9	36165381
9	43681402
13	48891836
12	69160523
6	86134331
17	33678827
12	48148307
6	41311545.5
2	105717159
2	113564426
5	469379
19	36683705
17	74706224
9	35674101
6	32491854
17	438649
12	27193496
11	11524008
2	232259376
16	86796615
15	29617158
1	208362758
7	135684740
4	89527323
15	64439694
2	74687550
1	55230451
8	12226417
7	102113256
4	103848094
22	39420612
11	71482496
6	29834449
19	37856353
19	38146923
17	76218720
14	53219589.5
22	42516428
1	235485620
2	190235785
6	167369992
10	13633925
1	201143030
14	88078228
17	73941955
11	134131509
10	99391703.5
10	52544875
3	15404128
1	167920626
12	123885937
9	139316601
17	13949720
1	3574419
20	5073532
14	50756089
16	27348630
7	26390757
2	207633002
6	5148013
19	6465353
17	57625123
7	150206746
16	30495968
14	104286787.5
1	184912737
20	48244995
12	31221072
1	26526348
6	35658644
15	42191519
12	104239673
14	24791798
8	71619843.5
19	36135279
14	74038071
1	205600344
18	2946833
14	68066949
1	93780742
19	41248009
2	42177462
10	135188519
10	81838656
6	170635900
22	39663513
2	23606177
10	14706761
1	156234008
19	46285363
11	57413943
19	43789940
19	50401320
17	73513289
20	1350709
2	110397128
11	57326927
5	64810786
19	49406707
9	20742963
7	75808612
1	111207720
1	226412230
19	2977599
1	1981836
4	108644679
12	114270529
19	50357164
19	44488352
14	88463570
19	36244753
1	231058960
2	69012839
17	4813078
1	107522546
7	102332238
5	133193664
5	138672185
22	24156211
16	19840374.5
10	18804256
8	103577865
18	77932579
3	3188016
7	143343652
6	88887810
2	60565568
9	37744042
22	36658855
16	56929943
16	25038333
19	1104078
13	21898592
1	41265626
14	94566559
12	4743072
7	20278642
6	122804112
3	133109606
3	41864405
22	19275606
1	89652078
15	45935393
5	52398693
9	15294331
21	33556552
2	85539170
5	112269219
1	159054382
9	2600628
3	45193563
22	37596396
18	19281336
15	75310394
5	176891460
3	192616700
22	20479175
17	58021296
10	45548366
4	164457142
12	40530111
4	17518397.5
11	65779590
18	47004484
3	122511516
6	107077502
9	116917263
3	119301139
1	20834610
1	1351145
1	153718746
17	62811364
7	149583265
10	45825659
4	185303531
19	58841548
2	232060050
17	17075180.5
22	38240368
4	1002848
6	6582001
18	186741
5	177092380
20	23625334
17	18714241
10	72182110
10	6275180
2	201320531
1	246965505.5
17	5126224
19	35800662
19	18545786
19	3176075
19	48744345
17	46046780
17	73502636
8	17020413
7	99950297
2	180128365
19	990702
4	123757748
7	44648979
4	38808585
6	32635965
1	185326987
15	80218040
7	141496256
7	23186444
3	134232920
12	56107691
1	212387260
17	72869078
4	140246267
4	68520619
17	34149049
17	19226530
12	30897005
5	1104938
19	44033594
14	65443436
3	88103776
5	69291044
16	88772746
10	115798269
2	97085961
11	73689104
6	33034876
8	144676862
4	39025844
17	38772965
15	45100284
10	91152227.5
6	57081878
1	752796
1	44191759
17	18230380
19	40659226
17	53037495
1	161677350
7	44108169
3	52481406
1	2488608
1	40321194
10	105815324
1	53825310
2	232581900
16	85711860
6	128051463
11	117688225
6	31580245
10	31298325
3	111695315
16	56659525
8	17662033
9	130221698
2	42676852
18	77755819
1	78392446
22	51063477
10	51573788
15	38858062
14	73393391
22	17542810
19	17730281
3	58220106
16	94535
14	100763954
1	93634588.5
20	48776989.5
17	57208752
1	9910358
19	47942744
19	17462792
19	50314738
2	20888265
2	235199587
16	10721221
11	65639374
11	65551957
10	45843610
5	69483797
12	49341386
9	123583192
6	106967778
19	39385298
7	105087339
19	13888093
9	67952660
2	47167986
1	53328086
4	9923839
2	102651670
12	56111354.5
1	154161666
22	41256802
17	36469412
16	90074058
1	116948712
20	62091494
5	106516378
18	21013831
3	156481537
14	78353015
11	111411943
9	123472540
6	158572975
4	1349602
2	120773960
15	81613179.5
10	126107506
2	172383988
13	24301943
11	65551957
19	17165360
1	38455891
17	36428491
21	34632241
11	22615824
11	68066034
3	15516820
19	10499002
20	61723738
5	125918148
21	42797057
10	99098702
11	30354707
11	6954539
12	70985219
14	100842377
19	33381313
18	33553809
3	139158108
20	42214362
12	6568572
20	30514161
19	11570433
18	48405846
7	151491039
6	75966269
22	23961187
11	500248
3	42841835
1	247350191
7	154994668
9	116367638
7	143797781
7	126221861
22	19935607
18	12956438
2	208531122
1	152013532
16	19932005.5
1	247254078
7	135684740
9	135120155
16	178543
13	103440747
3	179616760
6	26208324
12	27647382
17	33414758
3	194865694
2	113394274
12	58311524
7	158956561
22	31099927
12	56401085
2	114583321
5	56224714
19	51889967
13	27998769
1	180146484
18	3247256
5	72860354
11	120928535.5
17	4818815
9	111695607
6	32536543
3	132023722.5
17	77705871
1	219454646
3	108012290
5	153618876
15	52830072
10	74965093
7	134758039
1	26209685
22	38208260
12	10765500
13	43571070
3	66362206
17	18164148
1	7917557
15	79231616
8	10969235
19	36235431
12	123162566
22	39361339.5
19	3558005
6	89855423
19	21447787
7	129936778
15	34335230
7	158581418
7	99642881
19	52133651.5
3	119433404
6	32977420
16	84627208
10	3164194
9	124227279
3	14158220
2	24272645
1	15580300
14	78023519
17	30190989
5	118387350
8	17440688
6	25900893
20	61462502
12	12617785
12	51138862
11	94751271
11	126226775
1	181397143
8	56980569
8	52718007
17	73203788
20	52687186
3	53323851
6	32788707
4	57252097
18	12655583
13	28887663
16	21733342
19	55897327
17	34966996.5
6	42467237
11	60829634
21	15459127
17	16701025
18	61637974
5	178155304
6	36150336
3	48483681.5
6	26402717
4	88316484
17	43165887
6	32620835
11	60231066
1	89475842
19	46860562
18	11886563
6	32627906
9	116057144
17	66430514
20	42310811
17	80381357
19	57741072
11	120024874
12	57534912
1	110204650
4	140596699
22	42327317
22	42381726
7	6429661
1	243453119
15	55655561.5
8	41159859
20	37406869
5	474416
6	33548090
2	31442622
3	10059664
22	43548155
20	16545359
21	36012664
1	1620009
6	27348895
22	50050859
2	127841769
4	122617493
8	144094150
11	833589
1	162712404
6	88032332
11	61557826
20	4977788
16	48390512
16	3196372
6	31113272
2	208534348
13	47152942
10	65365736
15	83219340
11	58986032
13	33619852
11	93516204
17	59940633
12	6862259
10	134000316
14	77192561
4	190874755
6	4995132
1	44608672
10	134740365
15	65177936
8	42437785
16	11097849
7	128579666
9	101558444
17	56170595
4	185772925
9	139110654
16	68383223
1	38367404
3	158253310
4	156868228
1	84933846
7	5951317
1	234509259
16	71757387
15	77312005
15	75282147
4	164419415
17	54944086
9	138985561
1	232937035
17	33571546
1	110052139
10	62343275.5
8	82785974
15	90148942
19	53141625
7	6502367
15	89756062
12	113372977
10	134160989
6	43122177
3	151246781
4	1243877
9	104107364
2	109866435
22	42058846
3	138172752
2	20157495
12	53423703
4	69380301.5
17	76944607
17	19265596
9	33144809
17	26645991
17	42071463
1	148020902
18	13579006
13	78680132
3	107904442
10	43732225
10	104643596
4	184218042
19	56668155
2	112602102
6	130017093
11	32198790
11	34432130
11	124747333
21	40149480
4	47420392
18	55238820
6	25098265
8	86042567
14	20881527
2	113991970
19	55146803
19	18306325
22	50656109
16	4594635
10	36475494
14	51591932
1	78520822
19	6436222
11	47245803
12	133250789.5
14	71127205
5	175495336
9	66528935
6	32573910
12	110000394
11	63581514
15	50607155
1	117046263
15	80228175
5	78186072
19	41903699
2	73608614
17	5382192
7	21578343
9	45435564
10	104418618
13	30942955
1	153600124
19	57084679
3	23987261
17	79480296
6	2937768.5
2	86160027
13	79980609
9	111665719
11	33672779
19	9544276
7	150023258
6	49442525
17	72272022
8	82644442
9	95882901
15	40239776
1	161564370
17	81009636
13	22007076
19	17533754
17	45912302
16	82041204
19	21525226
6	26122453
9	140008750
7	99641108.5
14	59943174
1	75217752
2	122351287
17	75148813
1	45804431
10	11865304
1	235686544
13	49171221
11	57313659
15	50432198
9	35857612
6	83072388
20	56256580
19	4356282
16	81128360
15	76714907
1	40157260
7	141429515
17	80680394
16	3148130
11	11640160
16	58531463.5
17	76422473
5	79276953
15	42324158
11	2998622
12	661981
12	54348538
3	160848293
12	66568725
19	57869881
9	100275424
18	44676727
2	169700463
9	94889405
18	12727596
2	37491032
11	71278792
18	34361762
11	73553673
11	85498447
13	30172751
16	28977020
16	53438177
11	66290065
1	15859200
1	39502015
2	217390389
22	23522810
21	19165090
2	75876190
19	1437514
10	64564934
5	36659010
9	86564493
19	35153864
6	153416912
13	75875380
10	23375606
19	46185217
16	58247893
4	56293696
19	5897847
11	118869460
7	12262801
1	70823816
8	27413504
10	51035841
3	122308151
22	46685131
3	170997126
20	44094550
6	111936578
19	9527074
10	5691571
12	104341960
7	86795948
18	61577291
5	176728458
20	44539492
19	50016971
4	84528801
15	82500125
3	75757629
9	95478812
11	9641847
11	780321
11	93827936
2	109355420
14	24896830
1	90223400
19	58517977
11	65623739
4	185635311
4	106664387
13	30901905
7	73257901
13	53040822
21	47649802
2	27387429
4	56929238.5
2	201742345
2	232117513
19	17483721
3	132438301
11	3003053
5	156926882
19	27826483.5
6	43186775
19	52495751
7	90322813
2	24287598
11	62385368
11	134131509
15	102276374
1	11803621
3	16084146
6	34240804
14	75062398
7	143860884
1	752796
19	49950413
4	76856440
8	104345778
7	74484042
1	60244033
17	37905107
9	97125603
11	312929
10	93668408
15	75167036
18	678947
17	34172581
1	6957867.5
19	14887259
1	249188627
12	123681616
21	37435576
6	44140054
9	130185385
12	6493351
1	111796342.5
9	80916246
21	30165735
2	27678471
12	105293919
3	8810462
6	10723449
7	617106
17	16123896
22	24263474
2	9548025
2	242888475
10	26742546
12	103285043
9	131862781
19	13010520
1	9303925
6	79634108
13	25064099
19	20174057
6	13267622
13	21132329
1	40252569
19	19135032
2	239145516
2	85592480
16	28825866
10	47336634.5
11	117688225
19	56003351
2	27335586
13	39951039
17	36889559
1	111962455
10	74647492
11	124933351
13	114018038
17	7214824
17	78758567
11	68730729
5	177013450
17	79068756
1	53693090
5	43095718
4	178363378
9	98296718
18	29068334
5	94957903
1	244578394
15	34779301.5
8	144512184
9	99279508
19	36622098
16	89986144
17	35899141
15	75279669
5	150519670
19	633381
4	44766644
3	124542256
8	142192648
9	6632102
10	75004884.5
12	6568572
17	44346670
4	599186
10	73741706
10	12165461
6	111894801.5
9	132022788
17	47564012
1	248738320
19	2816339
17	3598466
6	114195494
11	58201387
17	16150158
1	160713848
19	35664964
7	134743728
1	218458058
10	47336634.5
3	58189980
5	141379376
10	102769710
17	78075228
9	4673417
6	31021325
1	40203928
19	57084679
7	150304332
10	105870626
11	8615886
19	49403009
11	810882
20	25061875
22	43101397
6	135349570
5	7870973
16	19730554
16	11439733
5	156966773
11	18537800
20	18452002
5	76847499
6	170228770
11	8714275
1	111740345
20	57011934
19	41927362
4	6611813
1	22350547
6	72030526
8	103128352
1	43398095
4	8373088
14	53390048
1	112956534
17	7240391
1	248641393
2	20392802
19	38932213
16	89018827
3	133185834
3	9543642
2	191143798
19	52692949
19	33596749
12	29909457
10	47703869
11	10903511
16	28505660
1	36191030
9	116113396
6	31151926
1	151967836
7	55808805
4	128088997
20	44180271.5
11	9641847
2	132615874
17	36922196
3	12533148
10	93603922
2	135437405
13	36920612
19	5293048
1	109591051
6	5252213
1	205689807
6	39873605
5	177136642
3	11886365
9	34332740
12	13186361
4	102235369
7	148870026
1	161008535
7	77045806
3	155342632
7	64568486
7	99878210
15	91425232
3	132420826
13	41353297
1	86194192
19	47274332
8	11351019
6	160161802
19	2162639
13	73634051
19	51332670
7	99675558
19	33449384
19	22885736
7	102102164
4	146936847
17	6940433
8	22021883
15	82558034
7	143486749.5
1	112266055
12	102394872
19	47783656
1	180240752
1	41558707
16	18518154
19	56192202
17	44571543
14	24484935
1	201950949
15	40327794.5
1	201484841
18	12878582
20	2631225
10	69910566
5	98101837
7	972753
5	10303738
5	172524035
11	293001
3	155472734
16	30339753
5	177136642
9	140147152
17	74479264
22	42635326
1	1167094.5
3	139392368
3	9935472.5
14	20922994
13	101363961
19	35826247
2	45693839
2	96936254
16	20954719
19	52059152
6	7459137
5	149432863
19	9080055
7	30838631
16	3136919
4	39526467
9	18634422
13	113201467
1	109715950
1	19638090
19	19920967
3	158368784
16	3328159
3	12352468
2	672976
9	5383460
12	122406447
22	42108253
22	24992266
2	25129787
3	44762830
12	40502699
15	41670186
2	171044498
13	114130823
17	46525183
22	42120864
7	105179487
2	227614833
1	150860471
4	153724982
21	30420279
4	89207156
7	76224198
8	98792686
7	38213208
14	20957922.5
19	18202969
19	17346953
1	114442355
6	3204345
17	44818276
19	10399375
7	148797384
14	23566378.5
3	100076980
2	85788175
21	45214581
2	232371578
19	44929828
3	152228929
17	44290849
5	143550217
5	96017610
3	191060610
19	55129651
4	44580439
2	113848574
10	25172401.5
11	111210792
4	142217552
5	77309710
7	134815309
1	92709689
17	44334288
14	51606336
22	27167494
4	57523684
20	18572950
6	42181256
6	49460152
19	17935582
7	98620308
8	105297292
17	19229147.5
19	7747445
8	22957606
22	42902872
6	26477779
17	18257594
14	92581282
10	125808318
20	52185814
17	43856339
1	166807046.5
7	64036033
11	63956839
2	174087310
15	101933825
11	63385451
22	42908897
18	72910687
11	64950843
15	86267297
2	234475415
17	17972715
5	178295339
15	64175305
11	73346041
5	156699129
2	242403940
2	234294561
2	192015072
14	104095769
6	149919888
2	219916709
17	61675292
11	118120710
1	181144597
1	26202426
9	98656373
11	33061946
10	104268626
13	111910435
12	117452922
16	30103160
16	19544556
18	44366304
7	129934219
15	44069069
4	40055638
6	74432636
7	45146584
11	85949718
6	13817359
8	70748121
1	144602778
16	23670597
12	13243168
22	41753059
2	37327806
20	17953062
19	23401505
8	19495610
16	15181703
16	5075248
6	44070960
9	34696707
6	133117333.5
1	212763439
16	1035548
1	163319225
11	78291624
21	27003609
1	184051573
19	49965653
2	242709363
17	27895528
8	144629402
16	2510603
3	73091008
19	5731622
8	145069129
3	158384920
2	110263731
8	30977392
17	73874071
1	155681157
1	1299278
16	10775855
3	186747832
8	145995765
2	113943470
5	95153223
17	56417002
6	24489741
8	19171376
1	6049627.5
11	5642026
4	120331782
19	18499784
12	108118054
22	43516133
1	100433801
19	49851750.5
19	39668657
16	89859953
10	130415069
6	89322239
8	76324979
13	96851516
21	43285059
18	23594940
1	161724127
6	41584071
1	220868508
1	26548994
9	100275424
9	79009347
13	44491229
5	81569293
3	39456525
19	39337442
15	89455768
19	4964953
11	118226166
2	73690491
15	90219946
13	111124255
18	59801496
19	28296631
3	99678490
5	81512947.5
19	41196623
17	6481494
16	792190
4	37597667
6	2876581
1	160825706
12	106751805
12	123185759
10	104244323
19	4833410
15	79054900
15	41099349
19	1497144
10	102673292
2	143590397
3	108178026
11	329896
17	56904629.5
4	108826282
17	76153948
2	61387836
1	236455730.5
7	149577330
12	129340027
17	30846624
2	29100642
11	65197393
12	120146925
13	111897884
21	34638859
5	1795739
8	33305704
2	187484854
14	100763954
2	200626678
22	46651367
6	31325090
21	15898152
11	73615599
18	10946488
17	4908721
13	114156771
8	12296849
19	44990459
19	40170053
12	54572119
17	48625928
6	31650592.5
16	2916702
16	1890566
17	40576274
11	57113211
19	9829019
1	144596241
11	124516010
3	15587482
7	91874527
3	128612113
22	39747780
18	33052525
12	123199327
8	120026562
18	23650082
20	4594466
16	386179
6	88204831
2	113195464
5	75011059
14	24607116
7	2483442
2	131085923
4	84364808
20	45153350
1	110282972
1	207260285
7	100895893
9	86544966
11	73679232
17	27911953
1	150387139
20	3021041.5
3	119118860
17	40060568
1	22058763
17	7184046
17	15729641
1	15911493
11	111212369
9	139265870
14	21538067
20	62907689
3	43173042
19	11497060
11	18656932
20	62631570
19	21780645.5
4	110224116
1	36483946.5
3	100121121
2	132440073
1	10417853
18	10526413
14	96855994
6	31151926
11	9345915
3	129811073
3	10236121
8	12630134
19	14174473
7	140460715
1	227303589
1	235780245
7	77315176
1	169016881
2	230837824
8	11351912
4	100213433
1	203254173
12	113867701
17	73240009
1	40844016
16	89884822
12	92859470
20	37050959
15	48939046
12	113381749
15	78278331
11	117016997
1	153718746
19	53700807
6	111551410
6	117814437
5	148726146
1	43302515
7	96770784
2	68503044
8	79595404
6	11729460
1	33418200
11	102356018
5	179342679
20	5776733
17	38517009
3	37244366
5	69370574
3	112829191
5	70332181
17	46957987
1	169665551
17	1635883
17	58172447
6	90052604
19	6668972
17	3809282
16	77762832
6	44800015
10	30632225
17	27884605
9	45765099
17	43688905
19	49993383
1	205600344
17	7163739
20	43976534
9	45450394
3	156811140
2	9985670
3	14218607.5
7	76012259
10	35049121.5
7	120957597
9	35150635
1	230999757
1	184653633
1	161830215
20	42826710
8	28333294
18	28641158
1	152758656
2	3515015
21	34632241
14	101016567
8	66530157
13	80621323
16	66639491
15	90369148
7	144532829
12	132625643
2	71294552
1	16530049
7	65590921
5	122134029
9	99501572
9	136824023
22	19263698
12	122014770
5	353603
19	42468127
17	38378838
12	99097911
2	160099278
1	40565712
22	45808938.5
5	124285447
10	3155007
12	109586609
9	140180860
11	6948139
19	21394565
1	100196119
1	100818728
11	827713
19	3649928
6	135835901
6	29914399
4	38807364
21	26758994
13	49180829
1	45916439
20	17627727
6	114082542
1	41742633
18	12668768
14	77855679.5
16	2299272
10	18884992
17	29235432
2	219168432
19	50427540
1	95739701
19	3062857
20	62597694
1	63305519
7	2873136
9	139330701
22	37184203
16	69978687
6	38746552
1	203156080
14	105640076
12	68426628
1	37991659
5	37025871
12	109229708
22	36601361
9	37756816
1	168236618
3	194385681
8	81457478
11	407708
1	147119273
5	149340090
7	6886615
8	141525725.5
11	96121855
12	19325627
17	72469958
17	14255295
16	30340870
19	57874954
22	37423486
19	17414126
14	77422803
8	143498381
17	79649515
12	120817873
14	92339908
11	10877684
3	124349339
10	100176869
1	24201920
2	197855152
20	3207749
17	29640225
16	11589761
15	43573052
19	46172278
19	38248939.5
2	46762034
15	45740392
10	127482764
6	26839716
3	125802874
17	39988601
10	101592320
4	76883008
10	69849245
8	96283264
14	74047516
10	72237693
6	35236915
5	56496002
13	50194394
6	105175184
4	3265710
9	116191169
8	145639106
5	175817499
1	93439776
2	29137632
22	17587975
20	60776275
18	48685468
17	39000496
8	2077072
20	62270637
19	17511446
4	139889262
21	38345521
11	130002516
18	51843005
9	139948932
19	1036018
4	136837
1	201431247
17	33212866
6	114032800
11	118153511
6	88032402
22	42700655
20	3734167
10	103745103
10	5450991.5
12	123911789
22	42414181
3	39149503
18	44343254
19	48611620
9	3689161
8	11698747
22	41935063
1	207941191
1	42855870
19	9325116
2	225793868
22	42239348
1	26496370
1	85535768
22	19453727
19	54982605
17	44571543
1	101837079
7	65957569
7	116137677
8	96105691
1	212494650
14	75465038
7	90880142
15	75234610
2	135991896
11	58043443
2	84709215
19	57983081
16	4816102
12	102093459
17	6343804
1	39762423
2	201682395
16	15166232
6	30238884
1	27375556
5	156543114
4	38809924
3	15404128
17	46918204
13	111368316
16	57000284
1	85756250
12	7326541
19	8239679.5
13	43034968
10	35377360
6	3149600
11	838842
22	28993331
14	105282852
3	111834753
3	67663433
19	58886495
3	121498038
7	2862542
18	21720251
6	30894759
9	115141779
19	55137431
6	97268021.5
1	40132795
12	11065827
17	44102443
17	17806945
17	3805848
19	6925293
11	66623500
5	60384096
11	118285789
9	69442977
4	186866679
14	74320838
1	166922533
17	7286326
19	21781616
1	17237828
11	74100666
14	64932112
14	23268187
4	79474040
2	55908317
7	45136497
17	46611337
6	35420628
17	40264661
8	119625149
12	92826490
16	74918051
7	135357476
9	139000752
11	69035337
16	2930344
22	37259605
19	6739278
4	139092719
17	17208703
1	45137703
21	40961572
17	38051348
10	50315080
6	52411122
17	2918187
15	93176198
2	3609064
4	84145021
7	22899109
1	204110660
1	22304428
11	5719228
18	39520040
6	3009944
2	217043942
19	57949536
2	44013907
18	3258373
3	45549298
6	110389869
17	76472768
19	50870794
12	9097562
1	53062241
4	101094284
16	4537808
1	11841922
19	37474264
16	70190401
17	18128865
8	99102631
3	136031358
15	49451785
14	24456535
17	36003063
5	145214538
1	205040943
2	37603801
14	95983975
13	114588610
15	42828357.5
7	150375531
15	100050437
10	70603360
5	53778130
8	27402074
11	130764092
20	25566485
22	50971047
7	23143113
13	113622157
4	25888881
19	14420300
3	195961123
19	3761652
1	10003320
22	18235711
7	76829275
18	51786412
1	144521237
1	17417313
12	105454255
19	55996939
6	139591891
13	47013792
3	97636090
5	36689363
9	97187200
1	213040774
21	43828940
18	77741952.5
17	45771037
1	182543331
19	2925225
1	151046740
2	242177141
6	149874177
2	87277202
8	41396205
9	137663282
6	3808632
7	30642499
20	1305721
20	52174533
1	202982171
6	10520009
2	113993385
4	1754515
1	235078721
5	138766888
1	19638090
4	10555284
5	180313685
8	125463098
9	37514867
13	50266109
6	33649013
10	131445027
1	163565312
11	10563062
5	180259891
22	37259605
17	8706451
6	131456982
5	133889241
19	2101454
14	65400745
8	11718528
7	102107175
19	3578653
17	4980987
5	64806423
5	34939794
1	209026166
17	48172576
1	152733301
7	134855724
1	192768710
16	84215692
19	57999713
19	10148713
6	107497521
1	113566907
11	57473971
17	37719652
17	80429127
6	42194916
5	601647
11	27517409
15	77376183
5	35234477
19	887434
1	116428059
1	231816842
1	53259559
19	13872565.5
6	20199134
19	58999821
4	11870
5	54535575
1	163328411
9	128237178
7	23431195
3	33775020
8	145664673
19	13022859
12	111343852
16	69968727
2	152118271
14	92292769
3	112754587
7	6102719
5	71389751
5	175357573
2	10095020
10	124704695
10	46165215
12	94790324
1	157668993
3	69878028
7	93624191
9	26992506
8	95883232
16	30918487
19	11256887
17	34929002
1	155181843
3	16414198
19	52689461
7	150139639
6	6687523
11	1658419
11	43877934
5	150618993
10	106104397
7	56138322
17	43334653
14	35157435
19	35899728
13	30989792
2	37586187
5	122082984
14	24734645
1	46842227.5
3	12595718
17	15607365
19	16185559
17	43000297
2	10186419
12	3042115.5
16	66639491
13	50195053
22	32813975
16	30120308
6	56868747
9	45765099
2	46854708
22	42327317
7	151033628
12	9514747
11	62085083
20	62467859
19	7661890
10	71262048
10	106107047
2	11300869
2	32489851
6	34294439
3	10324639.5
11	86064099
14	88408320.5
16	86976433
5	80538022
1	28255554
6	149701612
19	57964528
11	780321
1	210026596
8	96103538
12	48937069
1	67518988
14	52312452
3	48489398
1	89495047
14	74098590
8	103545436
17	17146368
4	4240882
19	55739048
1	43230212
1	11718195
7	76224198
11	108267430
13	33763731
18	61126724
19	47973123
15	43853589.5
5	127364103
4	25318235
11	129768505
19	873743
17	3505233
15	75287822
1	110223001.5
9	66522866
13	24456358
19	49839923
17	3460023
1	109916890
15	78591037
5	101596244
9	27552193
13	52454291
19	7693528
7	1626600
4	15081409
8	145623510
10	104623578
19	58951693
1	149652811
10	111975040
11	77746185
17	3862194.5
22	50325770
16	58250459
6	36823502
9	79304020
1	1618500
10	46249316
16	3477684
1	70877964
7	41860095
18	47461806.5
2	25657910
7	75243991
9	117382364
22	32341957
3	49642027
1	64294487
16	11680921
2	208520043
6	3251943
17	80462385
2	132331490
14	90858484
7	42954083
17	70735987
17	45921906
12	7014962
2	85801137
22	32809162
4	39141010
19	22245354
6	32559904
20	42624337
6	32636434
14	64696813
3	189927635
20	2768087.5
20	35873144
2	120992784
8	66696711
9	45363409
11	8815453
4	42322910
13	44251815
2	87295640
15	100411504
2	99766322
19	36230174
12	21722653
11	71145941
15	57869449
4	56427385
2	162925618
12	56107691
17	71870
2	65130811
19	17668133
3	196005444
9	115819250
19	58787836
10	51100432
3	98282355
18	77826399
12	58040924
8	125563769
18	32959397
17	76799795
5	87781343.5
16	686337
5	78507417
19	1085056
14	94595989
10	52568616
12	56861458
17	30606566
16	89002861
4	187112629
9	89481996
11	77659725.5
1	9119412
20	46040609
5	68561733
17	48229074
9	45450394
19	37985189
2	191212231
7	140379261
16	28825866
2	31442622
3	44762830
4	170678993
22	30066568
19	47175528
8	120809647
19	53285143
3	62266799
1	160429160
8	11653150
10	135179831
2	64480533
3	126180121
7	130033630
8	48071527
13	43598322
17	16363695
8	6263083
1	144534025
13	44392753
17	35831705
14	86412804
17	80956538
11	107137735
12	133031511
15	57480861
4	177121302
1	21766663
6	274318
16	88778831
1	3694673
6	109956050
8	145164518
20	35945174
22	51007488
19	10537268
11	118842846
15	99655922
4	178261855
11	18117362
2	242922458
12	109125339
17	48580257
4	17627294
6	99835811
17	30659006
22	26921725
2	219185197
3	40531533
5	49943352
16	30951566
15	78423596
4	38806851
5	149529999
20	33549319
4	69380301.5
8	65756636.5
17	72271426
17	7123240
5	40698397
19	35443094.5
17	13948505
4	20653762
1	150766170
6	88032788
7	143860026
14	94834861
21	48071132.5
1	110223001.5
2	242333889
21	38520720
17	56732770
13	46699592
21	33150280.5
12	49212874.5
19	44402574
5	133442009
3	152204180
20	62509525
6	139347894
6	33136076
1	168178532.5
22	17639837
20	55975714
10	17651146
3	121497502
15	90809633
14	89884022
3	193302226
4	10690918
17	41303071
16	2025678
18	2641858
2	86301305
1	113083439
4	54166230
11	118449746
7	43851539
16	1857047
4	8524209
